584391.576001405	4879350.47620440	14.8000000000000	28.6000000000000
555586.293199739	4859869.82227672	15.1000000000000	45.8000000000000
536880.294427600	4915666.77081331	12	487.900000000000
607752.146731502	4910756.99481543	13.9000000000000	71.8000000000000
588892.903550711	4907818.93949252	14.3000000000000	75.7000000000000
631192.143078273	4944256.46748889	12.9000000000000	293.300000000000
624896.138268812	4885454.53286391	14.3000000000000	32.1000000000000
591279.838489532	4845409.69270521	14.9000000000000	19.8000000000000
572536.354792665	4856610.52762996	15	35.3000000000000
553519.312326362	4888056.19122878	15.1000000000000	76.2000000000000
507184.660933666	4855940.74515564	12.9000000000000	440.300000000000
543477.909375792	4847240.93341828	14.9000000000000	85.5000000000000
567787.233520845	4838233.75399243	15.1000000000000	31.3000000000000
548435.885441207	4855540.12630244	15.3000000000000	63
551287.371566434	4845561.80321573	15.3000000000000	55.2000000000000
557244.492610131	4827652.06995526	15	37.5000000000000
545857.108122359	4833217.35493615	14.8000000000000	39.2000000000000
507785.511794067	4827654.39377226	13.2000000000000	407.700000000000
650139.753131680	4872786.04966686	14.8000000000000	32
611328.241165167	4796031.28974407	14.8000000000000	8.20000000000000
632701.488678013	4833485.23847509	14.1000000000000	5.10000000000000
628478.309749139	4754684.09240742	14.8000000000000	1.90000000000000
605427.706386691	4753392.57627328	14.9000000000000	3.50000000000000
614134.983795212	4772000.77376031	14.9000000000000	3.40000000000000
671071.224385630	4789503.58871406	13.9000000000000	3.90000000000000
665592.090476041	4775047.96202885	13.9000000000000	1.30000000000000
592378.247719537	4732545.14761205	14.9000000000000	5.50000000000000
629932.018802872	4742679.34957691	14.6000000000000	3.70000000000000
659283.708113194	4752530.04035972	14.2000000000000	4.80000000000000
636415.951763803	4726970.05800055	14.4000000000000	2.20000000000000
449296.387704717	5083184.18140349	4.60000000000000	1428.10000000000
389866.972107938	4990950.73272726	6	1376.50000000000
447156.876373259	4997971.35998403	5.90000000000000	1393.30000000000
414570.222327994	4940540.95650865	10.7000000000000	837.700000000000
386410.721679311	4869070.80267644	10.9000000000000	937.600000000000
464330.582572792	4927455.78778028	11.1000000000000	629.300000000000
443660.849272397	4951268.91189980	10.9000000000000	755.200000000000
415475.680524790	4837132.19017691	10.7000000000000	909.500000000000
448381.446017810	4726584.09679635	15.1000000000000	80.7000000000000
417458.178813227	4780432.11282875	10.3000000000000	884.400000000000
376046.971131861	4649798.32376209	15.5000000000000	108.900000000000
405909.807881448	4690996.63821214	14.6000000000000	104.100000000000
391591.087779498	4664320.79763518	14.7000000000000	100.300000000000
427880.610952678	4616694.13694035	15.5000000000000	42.4000000000000
368568.738813534	4716578.08582305	15.2000000000000	281.900000000000
388744.206081927	4631839.48077369	15.9000000000000	71
431974.533727487	4703831.93071486	15.2000000000000	66.5000000000000
351176.687929965	4616842.86587438	15.3000000000000	255.500000000000
361822.426886867	4645449.24230352	15.4000000000000	131
401469.536860118	4656463.13882415	15	70.8000000000000
431901.045069879	4681583.03338962	15.1000000000000	41.9000000000000
408885.731804217	4618163.69702525	15.1000000000000	53.5000000000000
420811.618984360	4636713.14184791	15.1000000000000	45.4000000000000
364544.565492532	4410418.94438861	15.3000000000000	64.6000000000000
360244.121548632	4475130.31524240	15	67.9000000000000
400378.716051661	4583525.84073664	14.3000000000000	38.5000000000000
387087.168737101	4554813.46915249	14.6000000000000	35
390044.212010911	4599440.48513368	15.4000000000000	52.9000000000000
383382.340939953	4568887.31216620	15.1000000000000	44.5000000000000
377727.183056361	4589028.82908683	14.7000000000000	68.4000000000000
370807.219396720	4546306.97959663	15.4000000000000	113
391439.262945468	4534683.22287148	15.1000000000000	33.1000000000000
367068.689672977	4570541.28944372	15.7000000000000	159.300000000000
406607.523359772	4567491.42853081	14.6000000000000	30.6000000000000
359853.646294251	4525776.44457256	15	163.600000000000
356883.881887122	4513543.63330031	16.2000000000000	183
410476.610539982	4521045.46566603	15.5000000000000	25.9000000000000
383915.348969240	4508139.65941947	15.2000000000000	36.5000000000000
288281.521485051	4437196.98850681	15.1000000000000	470.400000000000
326324.347862993	4450044.62813186	16.3000000000000	280.100000000000
380708.843978102	4493889.24219505	15.1000000000000	43
356323.389527011	4444643.65900658	16.1000000000000	66.6000000000000
403671.174302298	4466211.05585971	15.4000000000000	37.9000000000000
330467.074796765	4417698.53527304	16.3000000000000	149.300000000000
357022.098188998	4460879.78083021	15.4000000000000	111.200000000000
392668.316660648	4411239.56855180	15.1000000000000	51.6000000000000
343109.216648799	4417988.11464831	15.1000000000000	87.4000000000000
396331.059917406	4429558.34295209	14.9000000000000	48.5000000000000
383327.672036781	4437281.56611824	15	50.2000000000000
369162.560804775	4424730.50459319	15.1000000000000	57.9000000000000
529708.675259584	5062978.96797007	4.70000000000000	1411.20000000000
488742.401648559	4974702.77844399	6.50000000000000	1239.80000000000
600252.831088297	5009250.95021583	9.70000000000000	735.100000000000
699109.188725503	5107337.62338855	7.50000000000000	892.700000000000
688466.276778537	5028145.52219617	10.1000000000000	561.600000000000
758492.764815565	4994676.29140894	10.3000000000000	502.300000000000
458195.225396346	4951607.80825965	11.4000000000000	772.800000000000
532568.603715988	4968036.48919068	8.50000000000000	867.600000000000
499203.290160223	4910268.05415226	12.4000000000000	570.900000000000
476101.768257618	4905501.12675311	12.6000000000000	529.600000000000
652046.886336400	4979653.37538543	10.7000000000000	529
698678.542828506	4986502.28809854	11.8000000000000	422.300000000000
655881.035654574	4915419.60578449	10.3000000000000	633.200000000000
692091.559226340	4893497.01524490	14.2000000000000	54.9000000000000
720295.960898689	4965795.27810432	12.5000000000000	330
738260.164151122	4946941.76995081	12.1000000000000	369.300000000000
722423.687942024	4891516.44251697	13.4000000000000	131.600000000000
774618.646138816	4925537.02842822	12.3000000000000	254.300000000000
737676.525073241	4812198.77288979	12.9000000000000	18.3000000000000
763455.764906415	4860357.14844222	13.3000000000000	65
751511.558430713	4875536.33684132	13.2000000000000	50.9000000000000
814177.904808736	4860483.72059105	11	2.40000000000000
528394.246228781	4798144.64989574	14.8000000000000	29.3000000000000
504860.379243503	4746721.48805968	14.9000000000000	12.8000000000000
519279.386468561	4777590.43934775	14.7000000000000	24.6000000000000
484412.671577374	4778310.39055773	14.8000000000000	49.3000000000000
608248.522627767	4854331.26106341	14.1000000000000	18.3000000000000
547681.296961057	4790895.81721151	14.6000000000000	21.4000000000000
582541.907575095	4802625.73166996	14.8000000000000	13.7000000000000
553688.352635675	4760891.71778676	15	8.90000000000000
562271.929402333	4777442.56118104	14.6000000000000	12.2000000000000
619613.287940557	4860980.70329724	14	18.1000000000000
608072.285675031	4828121.03564641	14.5000000000000	9.40000000000000
670832.264692343	4853884.97057827	14	14.4000000000000
748363.536720854	4841115.45913499	12.9000000000000	43
698028.217488509	4845599.83802593	13.7000000000000	31.6000000000000
696818.661989338	4819348.70715004	13.7000000000000	8.90000000000000
697607.738555478	4827461.79673582	13.8000000000000	23.2000000000000
723056.418765243	4784980.06950521	13.1000000000000	3.20000000000000
758548.646214828	4805720.06003538	12.5000000000000	8.50000000000000
787405.648882729	4844172.98247282	13	17.6000000000000
791839.354651264	4864638.61698145	12.8000000000000	24.3000000000000
490090.620036700	4736051.74701584	14.4000000000000	13.1000000000000
472811.888006831	4705114.48604304	15.1000000000000	16.8000000000000
495728.794067432	4703935.62703918	14.8000000000000	10
455832.464510585	4666127.56332620	15.1000000000000	29.6000000000000
512434.209532490	4730846.49193632	14.5000000000000	4.40000000000000
487148.071247540	4642992.01819429	14.9000000000000	17.9000000000000
442365.504203688	4700101.87198466	14.3000000000000	47.8000000000000
467518.877625741	4616000.02431256	15.3000000000000	26.1000000000000
473663.411421744	4644498.60593648	15.2000000000000	22.4000000000000
523210.737302978	4707056.14959670	15.4000000000000	8.10000000000000
462204.163207024	4729030.10712979	15.4000000000000	44.8000000000000
553414.147518275	4722550.59966078	14.9000000000000	4.30000000000000
564991.370310426	4704947.52359865	14.8000000000000	6.90000000000000
514656.971395856	4668341.12111148	14.7000000000000	10.9000000000000
582542.862330030	4691709.64085934	14.9000000000000	8
579467.247588659	4663342.64442058	15	8
521204.028299819	4642384.81382390	15.1000000000000	13.3000000000000
551203.392415700	4629639.94878256	15	13.2000000000000
475959.221613452	4674900.84031948	15.1000000000000	18.5000000000000
440004.848691559	4637289.56129187	14.9000000000000	38.1000000000000
618467.966652727	4671539.08321266	14.5000000000000	4.50000000000000
495499.665581391	4667561.67768084	14.9000000000000	13.9000000000000
606941.330718322	4626553.69014294	14.2000000000000	8.20000000000000
629045.114827025	4641961.99722160	14.2000000000000	6.40000000000000
420485.412737634	4501143.24815432	15.5000000000000	32.4000000000000
410728.711365569	4500832.13343753	15.3000000000000	34
436673.495057947	4554271.31119550	15.3000000000000	26.1000000000000
528554.933000571	4741621.06076349	15	10.3000000000000
394515.141628942	4482126.33713407	15.2000000000000	36
597528.581519349	4628049.24421056	13.9000000000000	10.5000000000000
499619.238233295	4621268.30323817	14.8000000000000	16.2000000000000
437628.677669016	4606869.39667172	15.6000000000000	35.9000000000000
476043.269333173	4583965.33080454	15.3000000000000	20.7000000000000
492174.029332211	4592705.00448080	15	21.3000000000000
461841.674633342	4557173.72445792	15.2000000000000	24.8000000000000
444391.844789594	4538349.21038149	15.5000000000000	27.4000000000000
463900.448263487	4504709.64361431	15.5000000000000	31.5000000000000
494109.873249491	4538265.91254444	15	27.4000000000000
475442.382113721	4555680.77919688	15.1000000000000	23.6000000000000
516560.825678306	4601807.47475181	15.1000000000000	18.6000000000000
523914.761967147	4581963.43385834	14.9000000000000	18.3000000000000
547117.051320216	4605237.83551732	14.8000000000000	14.4000000000000
532686.224570763	4574289.59823647	14.6000000000000	17.1000000000000
561523.753007963	4624104.25558991	14.6000000000000	11.1000000000000
427856.376548915	4493308.37903809	15.5000000000000	33.3000000000000
445172.701855125	4475725.94816340	14.8000000000000	35.3000000000000
411852.811122560	4407836.12896051	14.9000000000000	45.3000000000000
423982.095397492	4438582.45621384	15.2000000000000	41.3000000000000
420939.264728451	4470821.74118703	15.4000000000000	39